	E_G (log10 J/cm^3)	E_Hb (log10 J)	E_Hj (log10 J)	E_Hp (log10 J)	E_Hx (log10 J)	F_m (log10 l/d.cm^2)	T_A (K)	h_a (log10 1/d^2)	k_J (log10 1/d)	kap (logit -)	kap_P (logit -)	kap_R (logit -)	kap_X (logit -)	p_Am (log10 J/d.cm^2)	p_M (log10 J/d.cm^3)	s_G (-)	t_0 (log10 d)	v (log10 cm/d)
E_G (log10 J/cm^3)	0.00026373166	0	0	0	0	0	0	0	0	0	0	0	0	0	0	0	0	0
E_Hb (log10 J)	0	0.061110227	0	0	0	0	0	0	0	0	0	0	0	0	0	0	0	0
E_Hj (log10 J)	0	0	0.10959485	0	0	0	0	0	0	0	0	0	0	0	0	0	0	0
E_Hp (log10 J)	0	0	0	0.11580717	0	0	0	0	0	0	0	0	0	0	0	0	0	0
E_Hx (log10 J)	0	0	0	0	0.067523667	0	0	0	0	0	0	0	0	0	0	0	0	0
F_m (log10 l/d.cm^2)	0	0	0	0	0	0.0098022546	0	0	0	0	0	0	0	0	0	0	0	0
T_A (K)	0	0	0	0	0	0	200757.72	0	0	0	0	0	0	0	0	0	0	0
h_a (log10 1/d^2)	0	0	0	0	0	0	0	4.0881447	0	0	0	0	0	0	0	0	0	0
k_J (log10 1/d)	0	0	0	0	0	0	0	0	0.020137562	0	0	0	0	0	0	0	0	0
kap (logit -)	0	0	0	0	0	0	0	0	0	0.034725887	0	0	0	0	0	0	0	0
kap_P (logit -)	0	0	0	0	0	0	0	0	0	0	0.0032550262	0	0	0	0	0	0	0
kap_R (logit -)	0	0	0	0	0	0	0	0	0	0	0	0.0081828654	0	0	0	0	0	0
kap_X (logit -)	0	0	0	0	0	0	0	0	0	0	0	0	0.015129966	0	0	0	0	0
p_Am (log10 J/d.cm^2)	0	0	0	0	0	0	0	0	0	0	0	0	0	0.019564082	0	0	0	0
p_M (log10 J/d.cm^3)	0	0	0	0	0	0	0	0	0	0	0	0	0	0	0.02138773	0	0	0
s_G (-)	0	0	0	0	0	0	0	0	0	0	0	0	0	0	0	0.078891053	0	0
t_0 (log10 d)	0	0	0	0	0	0	0	0	0	0	0	0	0	0	0	0	6.4950546	0
v (log10 cm/d)	0	0	0	0	0	0	0	0	0	0	0	0	0	0	0	0	0	0.022255369
