	E_G	E_Hb	E_Hj	E_Hp	E_Hx	F_m	T_A	h_a	k_J	kap	kap_P	kap_R	kap_X	p_Am	p_M	s_G	t_0	v
E_G	0.000333276797892179	0.0	0.0	0.0	0.0	0.0	0.0	0.0	0.0	0.0	0.0	0.0	0.0	0.0	0.0	0.0	0.0	0.0
E_Hb	0.0	0.0227604447062013	0.0	0.0	0.0	0.0	0.0	0.0	0.0	0.0	0.0	0.0	0.0	0.0	0.0	0.0	0.0	0.0
E_Hj	0.0	0.0	0.0530245096070437	0.0	0.0	0.0	0.0	0.0	0.0	0.0	0.0	0.0	0.0	0.0	0.0	0.0	0.0	0.0
E_Hp	0.0	0.0	0.0	0.0610152406239604	0.0	0.0	0.0	0.0	0.0	0.0	0.0	0.0	0.0	0.0	0.0	0.0	0.0	0.0
E_Hx	0.0	0.0	0.0	0.0	0.0204759338699307	0.0	0.0	0.0	0.0	0.0	0.0	0.0	0.0	0.0	0.0	0.0	0.0	0.0
F_m	0.0	0.0	0.0	0.0	0.0	1e-12	0.0	0.0	0.0	0.0	0.0	0.0	0.0	0.0	0.0	0.0	0.0	0.0
T_A	0.0	0.0	0.0	0.0	0.0	0.0	398241.530663012	0.0	0.0	0.0	0.0	0.0	0.0	0.0	0.0	0.0	0.0	0.0
h_a	0.0	0.0	0.0	0.0	0.0	0.0	0.0	7.3173720938144	0.0	0.0	0.0	0.0	0.0	0.0	0.0	0.0	0.0	0.0
k_J	0.0	0.0	0.0	0.0	0.0	0.0	0.0	0.0	0.0121887560203837	0.0	0.0	0.0	0.0	0.0	0.0	0.0	0.0	0.0
kap	0.0	0.0	0.0	0.0	0.0	0.0	0.0	0.0	0.0	0.0369783628391039	0.0	0.0	0.0	0.0	0.0	0.0	0.0	0.0
kap_P	0.0	0.0	0.0	0.0	0.0	0.0	0.0	0.0	0.0	0.0	1e-12	0.0	0.0	0.0	0.0	0.0	0.0	0.0
kap_R	0.0	0.0	0.0	0.0	0.0	0.0	0.0	0.0	0.0	0.0	0.0	1e-12	0.0	0.0	0.0	0.0	0.0	0.0
kap_X	0.0	0.0	0.0	0.0	0.0	0.0	0.0	0.0	0.0	0.0	0.0	0.0	0.0164517390345557	0.0	0.0	0.0	0.0	0.0
p_Am	0.0	0.0	0.0	0.0	0.0	0.0	0.0	0.0	0.0	0.0	0.0	0.0	0.0	0.00951427564212003	0.0	0.0	0.0	0.0
p_M	0.0	0.0	0.0	0.0	0.0	0.0	0.0	0.0	0.0	0.0	0.0	0.0	0.0	0.0	0.0192885577308145	0.0	0.0	0.0
s_G	0.0	0.0	0.0	0.0	0.0	0.0	0.0	0.0	0.0	0.0	0.0	0.0	0.0	0.0	0.0	0.108178204520859	0.0	0.0
t_0	0.0	0.0	0.0	0.0	0.0	0.0	0.0	0.0	0.0	0.0	0.0	0.0	0.0	0.0	0.0	0.0	7.38170775455219	0.0
v	0.0	0.0	0.0	0.0	0.0	0.0	0.0	0.0	0.0	0.0	0.0	0.0	0.0	0.0	0.0	0.0	0.0	0.0205829260316888
